1.4327418014660644, 103.68120358473098
1.3495459412816846, 103.79144807823654
1.158691443437698, 103.74051632338069
1.2219753301615734, 103.60561485718439

1.433-1.159 | 103.606-103.791 west

1.280663348798949, 103.74970533640986
1.3733562110268684, 103.8132741096085
1.300691786204892, 103.91520378746375
1.212770578010675, 103.85190205450932

1.213-1.373 | 103.750-103.915 central

1.3600991767877622, 103.80348556072927
1.4290727136845072, 103.68102598129822
1.47083326671649, 103.80867180787568
1.4386587372611865, 103.86628578715117

1.360-1.471 | 103.681-103.866 north

1.4003019405062491, 103.92991454667445
1.4037163743834231, 103.80766863777161
1.3338530535974606, 103.92035306774393
1.4032642753298632, 104.08858980181404

1.334-1.404 | 103.808-104.089 north east

1.3405665257252615, 103.93261792779076
1.309500807393261, 104.00229172848141
1.3507598791112716, 104.0433191581564
1.3991777182386516, 103.92897643994978

1.310-1.399 | 103.929-104.043 east